Accuracy: 0.5977

              precision    recall  f1-score   support

           1       0.74      0.82      0.78     35592
           2       0.48      0.71      0.57     24217
           3       0.51      0.58      0.54     35716
           4       0.34      0.09      0.15     11473
           5       0.90      0.78      0.83     24589
           6       0.00      0.00      0.00      1434
           7       0.00      0.00      0.00       687
           8       0.00      0.00      0.00         0
          10       0.00      0.00      0.00      1641
          12       0.00      0.00      0.00         0
          14       0.13      0.07      0.09      2859
          15       0.49      0.39      0.43     22035
          17       0.00      0.00      0.00         0
          18       0.00      0.00      0.00         0

    accuracy                           0.60    160243
   macro avg       0.26      0.25      0.24    160243
weighted avg       0.58      0.60      0.58    160243
