Accuracy: 0.6072

              precision    recall  f1-score   support

           1       0.73      0.82      0.77     35592
           2       0.49      0.71      0.58     24217
           3       0.51      0.60      0.55     35716
           4       0.47      0.13      0.21     11473
           5       0.90      0.79      0.84     24589
           6       0.00      0.00      0.00      1434
           7       0.00      0.00      0.00       687
           8       0.00      0.00      0.00         0
          10       0.00      0.00      0.00      1641
          12       0.00      0.00      0.00         0
          14       0.25      0.13      0.17      2859
          15       0.52      0.38      0.44     22035
          17       0.00      0.00      0.00         0
          18       0.00      0.00      0.00         0

    accuracy                           0.61    160243
   macro avg       0.28      0.25      0.25    160243
weighted avg       0.60      0.61      0.59    160243
